{
 "cells": [
  {
   "cell_type": "code",
   "execution_count": 3,
   "metadata": {},
   "outputs": [],
   "source": [
    "from RandomDataGenerator import Polynomial_Data_Generator\n",
    "import numpy as np\n",
    "import matplotlib.pyplot as plt"
   ]
  },
  {
   "cell_type": "code",
   "execution_count": 8,
   "metadata": {},
   "outputs": [
    {
     "data": {
      "text/plain": [
       "<module 'RandomDataGenerator' from '/Users/jolene/Documents/NYCU/Machine Learning/HW3/RandomDataGenerator.py'>"
      ]
     },
     "execution_count": 8,
     "metadata": {},
     "output_type": "execute_result"
    }
   ],
   "source": [
    "# import importlib\n",
    "# import RandomDataGenerator\n",
    "# importlib.reload(RandomDataGenerator)"
   ]
  },
  {
   "cell_type": "markdown",
   "metadata": {},
   "source": [
    "## 1. b=1, n=4, a=1, w=[1, 2, 3, 4]"
   ]
  },
  {
   "cell_type": "code",
   "execution_count": 4,
   "metadata": {},
   "outputs": [],
   "source": [
    "import math\n",
    "class BayesianLinearRegression:\n",
    "    def __init__(self, b, n, a, w, max_iter=500):\n",
    "        self.b = b\n",
    "        self.n = n\n",
    "        self.a = a\n",
    "        self.w = w\n",
    "        self.max_iter = max_iter\n",
    "        self.mu = np.zeros((n, 1))\n",
    "        self.var = np.identity(n) / b\n",
    "        self.point_x = []\n",
    "        self.point_y = []\n",
    "        self.visual_x = []\n",
    "        self.visual_y = []\n",
    "        \n",
    "    def fit(self):\n",
    "        i = 0\n",
    "        while i < self.max_iter:\n",
    "            x, y = Polynomial_Data_Generator(self.n, self.a, self.w)\n",
    "            print(f'Add data point ({x}, {y}):\\n')\n",
    "            \n",
    "            X = np.asarray([x ** j for j in range(self.n)]).reshape(-1, 1)\n",
    "            y = np.array([[y]])\n",
    "            S = np.linalg.pinv(self.var)\n",
    "            \n",
    "            estimate_var = np.linalg.pinv(1/self.a * (X @ X.T) + S)\n",
    "            estimate_mu = estimate_var @ (1/self.a * X * y + S @ self.mu)\n",
    "            print(f'Postirior mean:\\n {estimate_mu}\\nPosterior variance:\\n {estimate_var}')\n",
    "\n",
    "            pred_mu = (X.T@estimate_mu).item()\n",
    "            pred_var = (X.T@estimate_var@X).item() + self.a\n",
    "            print(f'Predictive distribution ~ N({pred_mu:.5f}, {pred_var:.5f})')\n",
    "            \n",
    "            self.point_x.append(x)\n",
    "            self.point_y.append(y.item())            \n",
    "            \n",
    "            if i in {9, 49, self.max_iter - 1}:\n",
    "                self.visual_x.append(estimate_mu)\n",
    "                self.visual_y.append(estimate_var)\n",
    "                \n",
    "            self.mu = estimate_mu\n",
    "            self.var = estimate_var\n",
    "            i += 1\n",
    "            \n",
    "    \n",
    "    def plot_result(self, x_range):\n",
    "        fig, axs = plt.subplots(2, 2, figsize=(12, 10))\n",
    "        stages = [\n",
    "            (0, self.w, np.zeros((self.n, self.n)), 'Ground Truth'),\n",
    "            (self.max_iter, self.visual_x[2], self.visual_y[2], 'Final Prediction'),\n",
    "            (10, self.visual_x[0], self.visual_y[0], 'After 10 Points'),\n",
    "            (50, self.visual_x[1], self.visual_y[1], 'After 50 Points')\n",
    "        ]\n",
    "\n",
    "        for idx, (num_points, mu, var, title) in enumerate(stages):\n",
    "            pred_mu = np.zeros(len(x_range))\n",
    "            pred_var = np.zeros(len(x_range))\n",
    "            \n",
    "            for i in range(len(x_range)):\n",
    "                X = np.asarray([x_range[i] ** j for j in range(self.n)])\n",
    "                pred_mu[i] = (X.T @ mu).item()\n",
    "                pred_var[i] = (X.T @ var @ X).item() + self.a\n",
    "            \n",
    "            row, col = divmod(idx, 2)\n",
    "            axs[row, col].scatter(self.point_x[:num_points], self.point_y[:num_points], color='blue', label='Data Points')\n",
    "            axs[row, col].plot(x_range, pred_mu, color='black')\n",
    "            axs[row, col].plot(x_range, pred_mu - pred_var, color='red')\n",
    "            axs[row, col].plot(x_range, pred_mu + pred_var, color='red')\n",
    "            axs[row, col].set_xlim(-2, 2)\n",
    "            axs[row, col].set_ylim(-20, 20)\n",
    "            axs[row, col].set_title(title)\n",
    "            axs[row, col].legend()\n",
    "\n",
    "        plt.tight_layout()\n",
    "        plt.show()\n",
    "\n"
   ]
  },
  {
   "cell_type": "markdown",
   "metadata": {},
   "source": [
    "## 1. b=1, n=4, a=1, w=[1, 2, 3, 4]"
   ]
  },
  {
   "cell_type": "code",
   "execution_count": 5,
   "metadata": {},
   "outputs": [
    {
     "name": "stdout",
     "output_type": "stream",
     "text": [
      "Add data point (0.1634883718247393, 0.7405130197720892):\n",
      "\n",
      "Postirior mean:\n",
      " [[0.36524139]\n",
      " [0.05971272]\n",
      " [0.00976234]\n",
      " [0.00159603]]\n",
      "Posterior variance:\n",
      " [[ 5.06772495e-01 -8.06369617e-02 -1.31832056e-02 -2.15530082e-03]\n",
      " [-8.06369617e-02  9.86816794e-01 -2.15530082e-03 -3.52366621e-04]\n",
      " [-1.31832056e-02 -2.15530082e-03  9.99647633e-01 -5.76078452e-05]\n",
      " [-2.15530082e-03 -3.52366621e-04 -5.76078452e-05  9.99990582e-01]]\n",
      "Predictive distribution ~ N(0.37527, 1.50677)\n",
      "Add data point (-0.5129277435669231, -0.670150562780257):\n",
      "\n",
      "Postirior mean:\n",
      " [[ 0.08097568]\n",
      " [ 0.36607801]\n",
      " [-0.12113163]\n",
      " [ 0.07302663]]\n",
      "Posterior variance:\n",
      " [[ 0.3529549   0.08513882 -0.08401058  0.03649615]\n",
      " [ 0.08513882  0.80815316  0.07417839 -0.04200869]\n",
      " [-0.08401058  0.07417839  0.96703422  0.01773997]\n",
      " [ 0.03649615 -0.04200869  0.01773997  0.9902782 ]]\n",
      "Predictive distribution ~ N(-0.14852, 1.48206)\n",
      "Add data point (0.4259812710906943, 1.284702444767194):\n",
      "\n",
      "Postirior mean:\n",
      " [[ 0.33247932]\n",
      " [ 0.65950648]\n",
      " [-0.03807289]\n",
      " [ 0.13868437]]\n",
      "Posterior variance:\n",
      " [[ 0.26389887 -0.01876256 -0.11342122  0.01324712]\n",
      " [-0.01876256  0.68693176  0.03986509 -0.06913326]\n",
      " [-0.11342122  0.03986509  0.95732139  0.01006201]\n",
      " [ 0.01324712 -0.06913326  0.01006201  0.98420879]]\n",
      "Predictive distribution ~ N(0.61723, 1.37275)\n",
      "Add data point (0.5029365279737699, 5.190022531063046):\n",
      "\n",
      "Postirior mean:\n",
      " [[1.04417893]\n",
      " [1.68582237]\n",
      " [0.43144769]\n",
      " [0.47106691]]\n",
      "Posterior variance:\n",
      " [[ 0.22806714 -0.07043418 -0.13706003 -0.00348725]\n",
      " [-0.07043418  0.61241801  0.00577643 -0.09326528]\n",
      " [-0.13706003  0.00577643  0.94172646 -0.00097794]\n",
      " [-0.00348725 -0.09326528 -0.00097794  0.9763934 ]]\n",
      "Predictive distribution ~ N(2.06110, 1.30743)\n",
      "Add data point (0.4471229420616738, 4.754967182997603):\n",
      "\n",
      "Postirior mean:\n",
      " [[1.41996526]\n",
      " [2.12246951]\n",
      " [0.55096158]\n",
      " [0.56429899]]\n",
      "Posterior variance:\n",
      " [[ 0.20563389 -0.09650063 -0.14419463 -0.00905291]\n",
      " [-0.09650063  0.58212995 -0.00251366 -0.09973233]\n",
      " [-0.14419463 -0.00251366  0.93945739 -0.00274803]\n",
      " [-0.00905291 -0.09973233 -0.00274803  0.97501257]]\n",
      "Predictive distribution ~ N(2.52956, 1.21326)\n",
      "Add data point (-0.667440464759911, -1.9596652554568699):\n",
      "\n",
      "Postirior mean:\n",
      " [[1.17055929]\n",
      " [2.66853953]\n",
      " [0.21984568]\n",
      " [0.84374485]]\n",
      "Posterior variance:\n",
      " [[ 0.18015162 -0.04070765 -0.17802535  0.01949859]\n",
      " [-0.04070765  0.4599722   0.07155811 -0.16224533]\n",
      " [-0.17802535  0.07155811  0.89454311  0.03515746]\n",
      " [ 0.01949859 -0.16224533  0.03515746  0.94302216]]\n",
      "Predictive distribution ~ N(-0.76347, 1.41382)\n",
      "Add data point (0.9362955962679445, 7.9537313135584435):\n",
      "\n",
      "Postirior mean:\n",
      " [[1.17328026]\n",
      " [3.10854701]\n",
      " [1.18659991]\n",
      " [1.76975535]]\n",
      "Posterior variance:\n",
      " [[ 0.18015004 -0.04096341 -0.17858729  0.01896034]\n",
      " [-0.04096341  0.41861371 -0.01931192 -0.24928566]\n",
      " [-0.17858729 -0.01931192  0.69488971 -0.15608157]\n",
      " [ 0.01896034 -0.24928566 -0.15608157  0.75984287]]\n",
      "Predictive distribution ~ N(6.57665, 1.59490)\n",
      "Add data point (-0.4699594825607196, -0.7478794042814452):\n",
      "\n",
      "Postirior mean:\n",
      " [[1.10558991]\n",
      " [3.20112809]\n",
      " [1.1865297 ]\n",
      " [1.75999822]]\n",
      "Posterior variance:\n",
      " [[ 0.16029594 -0.01380866 -0.17860788  0.0160985 ]\n",
      " [-0.01380866  0.38147377 -0.01928376 -0.24537148]\n",
      " [-0.17860788 -0.01928376  0.69488968 -0.15608454]\n",
      " [ 0.0160985  -0.24537148 -0.15608454  0.75943035]]\n",
      "Predictive distribution ~ N(-0.31943, 1.20459)\n",
      "Add data point (-0.861251162797229, -1.528561341283923):\n",
      "\n",
      "Postirior mean:\n",
      " [[1.11166957]\n",
      " [3.15981942]\n",
      " [1.28016921]\n",
      " [1.68281704]]\n",
      "Posterior variance:\n",
      " [[ 0.15980863 -0.01049763 -0.18611342  0.02228485]\n",
      " [-0.01049763  0.35897671  0.03171312 -0.28740501]\n",
      " [-0.18611342  0.03171312  0.57928871 -0.0608019 ]\n",
      " [ 0.02228485 -0.28740501 -0.0608019   0.68089484]]\n",
      "Predictive distribution ~ N(-1.73520, 1.43704)\n",
      "Add data point (0.7174154079351749, 7.593017094183285):\n",
      "\n",
      "Postirior mean:\n",
      " [[1.26373802]\n",
      " [3.5292926 ]\n",
      " [1.54413923]\n",
      " [1.76792065]]\n",
      "Posterior variance:\n",
      " [[ 0.15645462 -0.01864669 -0.19193552  0.02040781]\n",
      " [-0.01864669  0.33917735  0.01756747 -0.29196555]\n",
      " [-0.19193552  0.01756747  0.56918235 -0.06406018]\n",
      " [ 0.02040781 -0.29196555 -0.06406018  0.67984438]]\n",
      "Predictive distribution ~ N(5.24324, 1.19918)\n",
      "Add data point (0.05115325460532594, 0.9081534873869866):\n",
      "\n",
      "Postirior mean:\n",
      " [[1.1911815 ]\n",
      " [3.52989635]\n",
      " [1.63287095]\n",
      " [1.76539467]]\n",
      "Posterior variance:\n",
      " [[ 0.13564332 -0.01847351 -0.1664847   0.01968329]\n",
      " [-0.01847351  0.3391759   0.01735569 -0.29195952]\n",
      " [-0.1664847   0.01735569  0.53805772 -0.06317414]\n",
      " [ 0.01968329 -0.29195952 -0.06317414  0.67981916]]\n",
      "Predictive distribution ~ N(1.37626, 1.13378)\n",
      "Add data point (-0.9471520469125736, -1.331509413036754):\n",
      "\n",
      "Postirior mean:\n",
      " [[1.18452547]\n",
      " [3.49075325]\n",
      " [1.8147166 ]\n",
      " [1.59144724]]\n",
      "Posterior variance:\n",
      " [[ 0.13554271 -0.0190652  -0.16373592  0.01705389]\n",
      " [-0.0190652   0.33569627  0.03352088 -0.3074226 ]\n",
      " [-0.16373592  0.03352088  0.4629597   0.00866211]\n",
      " [ 0.01705389 -0.3074226   0.00866211  0.61110302]]\n",
      "Predictive distribution ~ N(-1.84600, 1.39885)\n",
      "Add data point (0.8880501420278082, 10.200125437521386):\n",
      "\n",
      "Postirior mean:\n",
      " [[1.18797777]\n",
      " [3.70879134]\n",
      " [2.38820872]\n",
      " [2.02388428]]\n",
      "Posterior variance:\n",
      " [[ 0.13554125 -0.01915759 -0.16397892  0.01687066]\n",
      " [-0.01915759  0.3298613   0.0181735  -0.31899516]\n",
      " [-0.16397892  0.0181735   0.42259245 -0.02177648]\n",
      " [ 0.01687066 -0.31899516 -0.02177648  0.58815105]]\n",
      "Predictive distribution ~ N(7.78241, 1.28256)\n",
      "Add data point (-0.9075811760961805, -2.9446788089437512):\n",
      "\n",
      "Postirior mean:\n",
      " [[1.18315826]\n",
      " [3.76858805]\n",
      " [2.2192666 ]\n",
      " [2.16282592]]\n",
      "Posterior variance:\n",
      " [[ 0.13552054 -0.01890062 -0.16470492  0.01746774]\n",
      " [-0.01890062  0.32667306  0.02718116 -0.32640325]\n",
      " [-0.16470492  0.02718116  0.39714335 -0.0008466 ]\n",
      " [ 0.01746774 -0.32640325 -0.0008466   0.57093786]]\n",
      "Predictive distribution ~ N(-2.02600, 1.24748)\n",
      "Add data point (0.4104077915989133, 2.0335095644404757):\n",
      "\n",
      "Postirior mean:\n",
      " [[1.0730409 ]\n",
      " [3.6628714 ]\n",
      " [2.31359596]\n",
      " [2.24676756]]\n",
      "Posterior variance:\n",
      " [[ 0.12638072 -0.02767518 -0.15687552  0.02443495]\n",
      " [-0.02767518  0.31824917  0.03469767 -0.31971447]\n",
      " [-0.15687552  0.03469767  0.39043649 -0.00681489]\n",
      " [ 0.02443495 -0.31971447 -0.00681489  0.5656268 ]]\n",
      "Predictive distribution ~ N(3.12131, 1.10808)\n",
      "Add data point (0.9191289027279308, 7.331660068542577):\n",
      "\n",
      "Postirior mean:\n",
      " [[1.08071998]\n",
      " [3.63492377]\n",
      " [2.19207981]\n",
      " [2.14689721]]\n",
      "Posterior variance:\n",
      " [[ 0.12626073 -0.0272385  -0.15497683  0.02599543]\n",
      " [-0.0272385   0.31665989  0.02778747 -0.32539375]\n",
      " [-0.15497683  0.02778747  0.36039098 -0.03150836]\n",
      " [ 0.02599543 -0.32539375 -0.03150836  0.545332  ]]\n",
      "Predictive distribution ~ N(7.94057, 1.24558)\n",
      "Add data point (0.1380328914896507, 0.9336073585518001):\n",
      "\n",
      "Postirior mean:\n",
      " [[1.00629536]\n",
      " [3.62487868]\n",
      " [2.28189814]\n",
      " [2.15815004]]\n",
      "Posterior variance:\n",
      " [[ 0.11347476 -0.02896422 -0.13954625  0.02792864]\n",
      " [-0.02896422  0.31642697  0.02987014 -0.32513282]\n",
      " [-0.13954625  0.02987014  0.34176879 -0.03384143]\n",
      " [ 0.02792864 -0.32513282 -0.03384143  0.54503971]]\n",
      "Predictive distribution ~ N(1.55580, 1.10638)\n",
      "Add data point (-0.1384887227405236, 0.8322327572121272):\n",
      "\n",
      "Postirior mean:\n",
      " [[1.03594673]\n",
      " [3.60643969]\n",
      " [2.24648301]\n",
      " [2.17646235]]\n",
      "Posterior variance:\n",
      " [[ 0.10173985 -0.02166676 -0.12553026  0.02068131]\n",
      " [-0.02166676  0.31188897  0.02115416 -0.320626  ]\n",
      " [-0.12553026  0.02115416  0.32502831 -0.02518534]\n",
      " [ 0.02068131 -0.320626   -0.02518534  0.54056385]]\n",
      "Predictive distribution ~ N(0.57380, 1.10858)\n",
      "Add data point (-0.7374191245379664, 0.24059697984891637):\n",
      "\n",
      "Postirior mean:\n",
      " [[1.09077332]\n",
      " [3.45781245]\n",
      " [2.30737437]\n",
      " [2.21196711]]\n",
      "Posterior variance:\n",
      " [[ 0.10025047 -0.01762926 -0.12718439  0.01971681]\n",
      " [-0.01762926  0.30094387  0.02563828 -0.31801138]\n",
      " [-0.12718439  0.02563828  0.3231912  -0.02625652]\n",
      " [ 0.01971681 -0.31801138 -0.02625652  0.53993926]]\n",
      "Predictive distribution ~ N(-1.09136, 1.12097)\n",
      "Add data point (-0.44617187287605753, 0.5240143834291203):\n",
      "\n",
      "Postirior mean:\n",
      " [[1.14284492]\n",
      " [3.38164342]\n",
      " [2.26114461]\n",
      " [2.28162648]]\n",
      "Posterior variance:\n",
      " [[ 0.09433282 -0.00897306 -0.12193063  0.01180041]\n",
      " [-0.00897306  0.2882818   0.01795321 -0.30643147]\n",
      " [-0.12193063  0.01795321  0.31852686 -0.01922825]\n",
      " [ 0.01180041 -0.30643147 -0.01922825  0.529349  ]]\n",
      "Predictive distribution ~ N(-0.11848, 1.09909)\n",
      "Add data point (-0.13820179159149393, 2.6801010575133515):\n",
      "\n",
      "Postirior mean:\n",
      " [[1.30995852]\n",
      " [3.29619359]\n",
      " [2.04909527]\n",
      " [2.37554358]]\n",
      "Posterior variance:\n",
      " [[ 0.08641535 -0.00492464 -0.11188421  0.00735083]\n",
      " [-0.00492464  0.28621173  0.0128162  -0.30415627]\n",
      " [-0.11188421  0.0128162   0.30577902 -0.0135822 ]\n",
      " [ 0.00735083 -0.30415627 -0.0135822   0.52684835]]\n",
      "Predictive distribution ~ N(0.88729, 1.08876)\n",
      "Add data point (0.2295899289058947, 1.918460526148899):\n",
      "\n",
      "Postirior mean:\n",
      " [[1.28912141]\n",
      " [3.28104442]\n",
      " [2.07347495]\n",
      " [2.3904408 ]]\n",
      "Posterior variance:\n",
      " [[ 0.08060527 -0.00914873 -0.10508634  0.01150467]\n",
      " [-0.00914873  0.2831407   0.01775844 -0.30113631]\n",
      " [-0.10508634  0.01775844  0.29782542 -0.01844225]\n",
      " [ 0.01150467 -0.30113631 -0.01844225  0.52387862]]\n",
      "Predictive distribution ~ N(2.18064, 1.08017)\n",
      "Add data point (0.5042670812075074, 5.512406027447216):\n",
      "\n",
      "Postirior mean:\n",
      " [[1.37025412]\n",
      " [3.44017796]\n",
      " [2.03708003]\n",
      " [2.26595253]]\n",
      "Posterior variance:\n",
      " [[ 0.07823229 -0.0138031  -0.10402185  0.01514572]\n",
      " [-0.0138031   0.27401164  0.01984632 -0.29399476]\n",
      " [-0.10402185  0.01984632  0.29734791 -0.02007557]\n",
      " [ 0.01514572 -0.29399476 -0.02007557  0.51829186]]\n",
      "Predictive distribution ~ N(3.91358, 1.07848)\n",
      "Add data point (0.13755854908468002, 1.4674260367403584):\n",
      "\n",
      "Postirior mean:\n",
      " [[1.34117053]\n",
      " [3.43099225]\n",
      " [2.0744945 ]\n",
      " [2.27546139]]\n",
      "Posterior variance:\n",
      " [[ 0.07308613 -0.01542845 -0.09740159  0.01682826]\n",
      " [-0.01542845  0.27349829  0.02193725 -0.29346335]\n",
      " [-0.09740159  0.02193725  0.2888313  -0.02224007]\n",
      " [ 0.01682826 -0.29346335 -0.02224007  0.51774176]]\n",
      "Predictive distribution ~ N(1.85831, 1.07043)\n",
      "Add data point (0.7761726527259383, 6.401545317288848):\n",
      "\n",
      "Postirior mean:\n",
      " [[1.34193543]\n",
      " [3.43640147]\n",
      " [2.08067486]\n",
      " [2.27677928]]\n",
      "Posterior variance:\n",
      " [[ 0.07299183 -0.01609529 -0.09816349  0.01666579]\n",
      " [-0.01609529  0.26878258  0.01654926 -0.29461227]\n",
      " [-0.09816349  0.01654926  0.2826752  -0.02355278]\n",
      " [ 0.01666579 -0.29461227 -0.02355278  0.51746184]]\n",
      "Predictive distribution ~ N(6.32729, 1.11133)\n",
      "Add data point (0.20278501909746582, -0.30795562170049573):\n",
      "\n",
      "Postirior mean:\n",
      " [[1.19105265]\n",
      " [3.35243738]\n",
      " [2.27178123]\n",
      " [2.3678418 ]]\n",
      "Posterior variance:\n",
      " [[ 0.06893982 -0.01835017 -0.09303126  0.01911131]\n",
      " [-0.01835017  0.26752777  0.01940528 -0.29325138]\n",
      " [-0.09303126  0.01940528  0.27617478 -0.02665025]\n",
      " [ 0.01911131 -0.29325138 -0.02665025  0.51598589]]\n",
      "Predictive distribution ~ N(1.98404, 1.06498)\n",
      "Add data point (-0.24532739279767402, 1.5091684766607014):\n",
      "\n",
      "Postirior mean:\n",
      " [[1.25599048]\n",
      " [3.27699964]\n",
      " [2.19414004]\n",
      " [2.44649671]]\n",
      "Posterior variance:\n",
      " [[ 0.06471644 -0.01344391 -0.08798169  0.01399581]\n",
      " [-0.01344391  0.2618282   0.01353923 -0.28730874]\n",
      " [-0.08798169  0.01353923  0.27013739 -0.02053403]\n",
      " [ 0.01399581 -0.28730874 -0.02053403  0.50978982]]\n",
      "Predictive distribution ~ N(0.54799, 1.07471)\n",
      "Add data point (0.7496515286141641, 6.212684279229342):\n",
      "\n",
      "Postirior mean:\n",
      " [[1.25837216]\n",
      " [3.29190411]\n",
      " [2.20816902]\n",
      " [2.44689241]]\n",
      "Posterior variance:\n",
      " [[ 0.06460468 -0.0141433  -0.08863999  0.01397724]\n",
      " [-0.0141433   0.25745146  0.00941958 -0.28742494]\n",
      " [-0.08863999  0.00941958  0.26625972 -0.02064341]\n",
      " [ 0.01397724 -0.28742494 -0.02064341  0.50978674]]\n",
      "Predictive distribution ~ N(5.99794, 1.09141)\n",
      "Add data point (-0.3964197126380691, -0.543520290617267):\n",
      "\n",
      "Postirior mean:\n",
      " [[1.22290271]\n",
      " [3.3538777 ]\n",
      " [2.239692  ]\n",
      " [2.38741541]]\n",
      "Posterior variance:\n",
      " [[ 0.06176243 -0.00917721 -0.08611399  0.00921121]\n",
      " [-0.00917721  0.24877452  0.00500604 -0.27909755]\n",
      " [-0.08611399  0.00500604  0.26401477 -0.01640767]\n",
      " [ 0.00921121 -0.27909755 -0.01640767  0.50179482]]\n",
      "Predictive distribution ~ N(0.09660, 1.07430)\n",
      "Add data point (0.2715798577431443, 3.0604176878475364):\n",
      "\n",
      "Postirior mean:\n",
      " [[1.25860306]\n",
      " [3.3896187 ]\n",
      " [2.19558321]\n",
      " [2.34859447]]\n",
      "Posterior variance:\n",
      " [[ 0.05910598 -0.0118367  -0.08283186  0.01209987]\n",
      " [-0.0118367   0.24611201  0.0082919  -0.2762056 ]\n",
      " [-0.08283186  0.0082919   0.2599596  -0.01997669]\n",
      " [ 0.01209987 -0.2762056  -0.01997669  0.49865366]]\n",
      "Predictive distribution ~ N(2.38814, 1.05798)\n",
      "Add data point (-0.610498240865875, 0.2444638186998156):\n",
      "\n",
      "Postirior mean:\n",
      " [[1.28189993]\n",
      " [3.32113193]\n",
      " [2.20522794]\n",
      " [2.39120012]]\n",
      "Posterior variance:\n",
      " [[ 0.05811807 -0.00893251 -0.08324084  0.01029318]\n",
      " [-0.00893251  0.23757446  0.00949422 -0.27089439]\n",
      " [-0.08324084  0.00949422  0.25979029 -0.02072465]\n",
      " [ 0.01029318 -0.27089439 -0.02072465  0.49534955]]\n",
      "Predictive distribution ~ N(-0.46783, 1.07650)\n",
      "Add data point (-0.6699941540616139, -0.34852983805049575):\n",
      "\n",
      "Postirior mean:\n",
      " [[1.28896739]\n",
      " [3.29650702]\n",
      " [2.21516773]\n",
      " [2.40121758]]\n",
      "Posterior variance:\n",
      " [[ 0.05760233 -0.00713554 -0.08396618  0.00956217]\n",
      " [-0.00713554  0.23131334  0.0120215  -0.26834736]\n",
      " [-0.08396618  0.0120215   0.25877015 -0.02175275]\n",
      " [ 0.00956217 -0.26834736 -0.02175275  0.49431341]]\n",
      "Predictive distribution ~ N(-0.64748, 1.07722)\n",
      "Add data point (0.4945693828951021, 1.9907543219162231):\n",
      "\n",
      "Postirior mean:\n",
      " [[1.23136901]\n",
      " [3.16743188]\n",
      " [2.24398564]\n",
      " [2.5152409 ]]\n",
      "Posterior variance:\n",
      " [[ 0.05646755 -0.00967854 -0.08339842  0.01180862]\n",
      " [-0.00967854  0.22561462  0.01329382 -0.26331318]\n",
      " [-0.08339842  0.01329382  0.25848609 -0.0228767 ]\n",
      " [ 0.01180862 -0.26331318 -0.0228767   0.48986629]]\n",
      "Predictive distribution ~ N(3.65103, 1.05713)\n",
      "Add data point (0.3223061809971166, 0.43721415324040747):\n",
      "\n",
      "Postirior mean:\n",
      " [[1.14029825]\n",
      " [3.05510177]\n",
      " [2.35111278]\n",
      " [2.63450137]]\n",
      "Posterior variance:\n",
      " [[ 0.05454224 -0.01205329 -0.08113366  0.01432989]\n",
      " [-0.01205329  0.22268551  0.01608726 -0.26020335]\n",
      " [-0.08113366  0.01608726  0.25582204 -0.02584249]\n",
      " [ 0.01432989 -0.26020335 -0.02584249  0.48656459]]\n",
      "Predictive distribution ~ N(2.45742, 1.05260)\n",
      "Add data point (-0.595825667283038, -0.6347655076500148):\n",
      "\n",
      "Postirior mean:\n",
      " [[1.1338117 ]\n",
      " [3.07332788]\n",
      " [2.34990479]\n",
      " [2.62207245]]\n",
      "Posterior variance:\n",
      " [[ 0.05370713 -0.00970678 -0.08128919  0.01272973]\n",
      " [-0.00970678  0.2160922   0.01652425 -0.25570718]\n",
      " [-0.08128919  0.01652425  0.25579307 -0.02614049]\n",
      " [ 0.01272973 -0.25570718 -0.02614049  0.48349852]]\n",
      "Predictive distribution ~ N(-0.41775, 1.06524)\n",
      "Add data point (0.6217921450759563, 3.329362570229878):\n",
      "\n",
      "Postirior mean:\n",
      " [[1.11099726]\n",
      " [2.99109862]\n",
      " [2.32437898]\n",
      " [2.66951388]]\n",
      "Posterior variance:\n",
      " [[ 0.05335602 -0.01097226 -0.08168202  0.01345984]\n",
      " [-0.01097226  0.21153107  0.01510838 -0.25307568]\n",
      " [-0.08168202  0.01510838  0.25535355 -0.02532361]\n",
      " [ 0.01345984 -0.25307568 -0.02532361  0.48198029]]\n",
      "Predictive distribution ~ N(4.51126, 1.05773)\n",
      "Add data point (0.5243073330435055, 4.984761114970976):\n",
      "\n",
      "Postirior mean:\n",
      " [[1.14399113]\n",
      " [3.07344918]\n",
      " [2.3155921 ]\n",
      " [2.60042663]]\n",
      "Posterior variance:\n",
      " [[ 0.05265873 -0.01271264 -0.08149632  0.01491991]\n",
      " [-0.01271264  0.20718719  0.01557187 -0.24943142]\n",
      " [-0.08149632  0.01557187  0.2553041  -0.02571246]\n",
      " [ 0.01491991 -0.24943142 -0.02571246  0.47892298]]\n",
      "Predictive distribution ~ N(3.76678, 1.04977)\n",
      "Add data point (-0.2630520292902434, 0.4787403392080035):\n",
      "\n",
      "Postirior mean:\n",
      " [[1.14542391]\n",
      " [3.07168735]\n",
      " [2.31366259]\n",
      " [2.60242989]]\n",
      "Posterior variance:\n",
      " [[ 0.05029234 -0.00980279 -0.07830952  0.01161132]\n",
      " [-0.00980279  0.20360908  0.01165321 -0.24536298]\n",
      " [-0.07830952  0.01165321  0.25101247 -0.0212568 ]\n",
      " [ 0.01161132 -0.24536298 -0.0212568   0.47429703]]\n",
      "Predictive distribution ~ N(0.45014, 1.05692)\n",
      "Add data point (-0.8119129502341043, -0.4423097020783333):\n",
      "\n",
      "Postirior mean:\n",
      " [[1.1457109 ]\n",
      " [3.0467121 ]\n",
      " [2.37526702]\n",
      " [2.56298136]]\n",
      "Posterior variance:\n",
      " [[ 0.05029219 -0.0097894  -0.07834256  0.01163247]\n",
      " [-0.0097894   0.20244368  0.01452782 -0.24720374]\n",
      " [-0.07834256  0.01452782  0.24392191 -0.01671635]\n",
      " [ 0.01163247 -0.24720374 -0.01671635  0.47138954]]\n",
      "Predictive distribution ~ N(-1.13392, 1.10633)\n",
      "Add data point (0.43986876399715125, 2.015617781975005):\n",
      "\n",
      "Postirior mean:\n",
      " [[1.11087388]\n",
      " [2.97989019]\n",
      " [2.40393079]\n",
      " [2.6289153 ]]\n",
      "Posterior variance:\n",
      " [[ 0.0493266  -0.01164152 -0.07754808  0.01345997]\n",
      " [-0.01164152  0.19889108  0.01605173 -0.24369835]\n",
      " [-0.07754808  0.01605173  0.24326822 -0.01822001]\n",
      " [ 0.01345997 -0.24369835 -0.01822001  0.46793073]]\n",
      "Predictive distribution ~ N(3.11050, 1.04623)\n",
      "Add data point (-0.526150977348699, 1.438487998848721):\n",
      "\n",
      "Postirior mean:\n",
      " [[1.15970275]\n",
      " [2.86347486]\n",
      " [2.37954214]\n",
      " [2.73333445]]\n",
      "Posterior variance:\n",
      " [[ 0.04835714 -0.00933018 -0.07706386  0.01138681]\n",
      " [-0.00933018  0.19338049  0.01489728 -0.23875561]\n",
      " [-0.07706386  0.01489728  0.24302636 -0.01718452]\n",
      " [ 0.01138681 -0.23875561 -0.01718452  0.46349732]]\n",
      "Predictive distribution ~ N(-0.08631, 1.05463)\n",
      "Add data point (0.008406147393931418, -0.09252801849091519):\n",
      "\n",
      "Postirior mean:\n",
      " [[1.10091696]\n",
      " [2.87285618]\n",
      " [2.47321487]\n",
      " [2.72191315]]\n",
      "Posterior variance:\n",
      " [[ 0.046134   -0.0089754  -0.07352137  0.01095488]\n",
      " [-0.0089754   0.19332387  0.01433195 -0.23868668]\n",
      " [-0.07352137  0.01433195  0.23738155 -0.01649626]\n",
      " [ 0.01095488 -0.23868668 -0.01649626  0.4634134 ]]\n",
      "Predictive distribution ~ N(1.12524, 1.04599)\n",
      "Add data point (0.5586937293777356, 4.79659150689376):\n",
      "\n",
      "Postirior mean:\n",
      " [[1.11708408]\n",
      " [2.92267732]\n",
      " [2.47780792]\n",
      " [2.68428924]]\n",
      "Posterior variance:\n",
      " [[ 0.04574932 -0.01016082 -0.07363065  0.01185009]\n",
      " [-0.01016082  0.18967083  0.01399518 -0.23592798]\n",
      " [-0.07363065  0.01399518  0.2373505  -0.01624194]\n",
      " [ 0.01185009 -0.23592798 -0.01624194  0.46133008]]\n",
      "Predictive distribution ~ N(3.99150, 1.04606)\n",
      "Add data point (-0.7799063810045128, -0.4243411394268919):\n",
      "\n",
      "Postirior mean:\n",
      " [[1.11859599]\n",
      " [2.90524763]\n",
      " [2.5090664 ]\n",
      " [2.66907227]]\n",
      "Posterior variance:\n",
      " [[ 0.04573953 -0.01004792 -0.07383313  0.01194866]\n",
      " [-0.01004792  0.18836924  0.01632944 -0.23706432]\n",
      " [-0.07383313  0.01632944  0.23316422 -0.01420401]\n",
      " [ 0.01194866 -0.23706432 -0.01420401  0.460338  ]]\n",
      "Predictive distribution ~ N(-0.88723, 1.08198)\n",
      "Add data point (0.6730513964708105, 6.503128319797):\n",
      "\n",
      "Postirior mean:\n",
      " [[1.13142616]\n",
      " [2.97776923]\n",
      " [2.5628425 ]\n",
      " [2.64992635]]\n",
      "Posterior variance:\n",
      " [[ 0.04565994 -0.0104978  -0.07416673  0.01206743]\n",
      " [-0.0104978   0.1858263   0.0144438  -0.23639298]\n",
      " [-0.07416673  0.0144438   0.23176598 -0.01370619]\n",
      " [ 0.01206743 -0.23639298 -0.01370619  0.46016076]]\n",
      "Predictive distribution ~ N(5.10452, 1.05421)\n",
      "Add data point (-0.370994990815501, -1.6217794959784262):\n",
      "\n",
      "Postirior mean:\n",
      " [[1.06277909]\n",
      " [3.09365055]\n",
      " [2.64601564]\n",
      " [2.51808432]]\n",
      "Posterior variance:\n",
      " [[ 0.04423504 -0.00809247 -0.07244031  0.0093308 ]\n",
      " [-0.00809247  0.18176591  0.01152948 -0.23177334]\n",
      " [-0.07244031  0.01152948  0.22967425 -0.01039048]\n",
      " [ 0.0093308  -0.23177334 -0.01039048  0.45490485]]\n",
      "Predictive distribution ~ N(0.15066, 1.05009)\n",
      "Add data point (-0.5569845670191342, 0.3217249775288186):\n",
      "\n",
      "Postirior mean:\n",
      " [[1.07678606]\n",
      " [3.05632373]\n",
      " [2.64271262]\n",
      " [2.5502355 ]]\n",
      "Posterior variance:\n",
      " [[ 0.04365585 -0.006549   -0.07230373  0.00800134]\n",
      " [-0.006549    0.17765276  0.01116551 -0.22823051]\n",
      " [-0.07230373  0.01116551  0.22964204 -0.01007698]\n",
      " [ 0.00800134 -0.22823051 -0.01007698  0.45185326]]\n",
      "Predictive distribution ~ N(-0.24635, 1.04732)\n",
      "Add data point (0.7629176277701237, 4.630068150750194):\n",
      "\n",
      "Postirior mean:\n",
      " [[1.07661303]\n",
      " [3.01039105]\n",
      " [2.55471541]\n",
      " [2.51167242]]\n",
      "Posterior variance:\n",
      " [[ 0.04365583 -0.00655308 -0.07231154  0.00799792]\n",
      " [-0.00655308  0.17657063  0.00909238 -0.22913902]\n",
      " [-0.07231154  0.00909238  0.22567036 -0.01181749]\n",
      " [ 0.00799792 -0.22913902 -0.01181749  0.45109051]]\n",
      "Predictive distribution ~ N(5.97556, 1.07147)\n",
      "Add data point (-0.8934329210581269, -0.727830997533781):\n",
      "\n",
      "Postirior mean:\n",
      " [[1.06891215]\n",
      " [3.01391276]\n",
      " [2.61456051]\n",
      " [2.44613455]]\n",
      "Posterior variance:\n",
      " [[ 0.04348765 -0.00647617 -0.07100462  0.00656667]\n",
      " [-0.00647617  0.17653546  0.0084947  -0.22848449]\n",
      " [-0.07100462  0.0084947   0.21551395 -0.00069494]\n",
      " [ 0.00656667 -0.22848449 -0.00069494  0.43890993]]\n",
      "Predictive distribution ~ N(-1.28130, 1.13131)\n",
      "Add data point (-0.28173456994480484, 1.4822418384263942):\n",
      "\n",
      "Postirior mean:\n",
      " [[1.11076985]\n",
      " [2.96051397]\n",
      " [2.55496982]\n",
      " [2.51079983]]\n",
      "Posterior variance:\n",
      " [[ 0.04199651 -0.00457388 -0.06888175  0.00426303]\n",
      " [-0.00457388  0.17410867  0.00578652 -0.22554568]\n",
      " [-0.06888175  0.00578652  0.21249174  0.00258464]\n",
      " [ 0.00426303 -0.22554568  0.00258464  0.43535107]]\n",
      "Predictive distribution ~ N(0.42334, 1.04571)\n",
      "Add data point (0.20107640272232952, -0.0547538311822533):\n",
      "\n",
      "Postirior mean:\n",
      " [[1.04141594]\n",
      " [2.90833437]\n",
      " [2.66192512]\n",
      " [2.57855875]]\n",
      "Posterior variance:\n",
      " [[ 0.04058603 -0.00563508 -0.06670655  0.00564107]\n",
      " [-0.00563508  0.17331026  0.00742306 -0.22450889]\n",
      " [-0.06670655  0.00742306  0.20913722  0.00045946]\n",
      " [ 0.00564107 -0.22450889  0.00045946  0.43400472]]\n",
      "Predictive distribution ~ N(1.75480, 1.03978)\n",
      "Add data point (-0.34342135325652623, -0.5015431805730894):\n",
      "\n",
      "Postirior mean:\n",
      " [[1.01659869]\n",
      " [2.948117  ]\n",
      " [2.69408371]\n",
      " [2.53154318]]\n",
      "Posterior variance:\n",
      " [[ 0.03945246 -0.00381795 -0.06523766  0.00349356]\n",
      " [-0.00381795  0.17039735  0.00506839 -0.22106638]\n",
      " [-0.06523766  0.00506839  0.2072338   0.00324224]\n",
      " [ 0.00349356 -0.22106638  0.00324224  0.42993633]]\n",
      "Predictive distribution ~ N(0.21935, 1.04350)\n",
      "Add data point (-0.7277428427699701, -0.1749749987996417):\n",
      "\n",
      "Postirior mean:\n",
      " [[1.01961387]\n",
      " [2.92910622]\n",
      " [2.71292381]\n",
      " [2.5317261 ]]\n",
      "Posterior variance:\n",
      " [[ 0.03941448 -0.00357846 -0.065475    0.00349126]\n",
      " [-0.00357846  0.16888736  0.00656483 -0.22105185]\n",
      " [-0.065475    0.00656483  0.2057508   0.00322784]\n",
      " [ 0.00349126 -0.22105185  0.00322784  0.42993619]]\n",
      "Predictive distribution ~ N(-0.65101, 1.05322)\n",
      "Add data point (-0.5926241277494395, -1.0990327844817864):\n",
      "\n",
      "Postirior mean:\n",
      " [[1.00578699]\n",
      " [2.97207041]\n",
      " [2.71119825]\n",
      " [2.49591034]]\n",
      "Posterior variance:\n",
      " [[ 0.03910989 -0.00263201 -0.06551301  0.00270228]\n",
      " [-0.00263201  0.16594646  0.00668294 -0.21860026]\n",
      " [-0.06551301  0.00668294  0.20574606  0.00312938]\n",
      " [ 0.00270228 -0.21860026  0.00312938  0.42789249]]\n",
      "Predictive distribution ~ N(-0.32283, 1.04012)\n",
      "Add data point (0.8430346997460649, 7.240609631148974):\n",
      "\n",
      "Postirior mean:\n",
      " [[1.00356084]\n",
      " [2.97512368]\n",
      " [2.73559343]\n",
      " [2.51720565]]\n",
      "Posterior variance:\n",
      " [[ 0.03905151 -0.00255193 -0.06487323  0.00326077]\n",
      " [-0.00255193  0.16583663  0.00580545 -0.21936625]\n",
      " [-0.06487323  0.00580545  0.19873499 -0.0029908 ]\n",
      " [ 0.00326077 -0.21936625 -0.0029908   0.42255   ]]\n",
      "Predictive distribution ~ N(6.96409, 1.09918)\n",
      "Add data point (0.425095724384994, 2.028944585148509):\n",
      "\n",
      "Postirior mean:\n",
      " [[0.9799302 ]\n",
      " [2.92861688]\n",
      " [2.75942766]\n",
      " [2.56900125]]\n",
      "Posterior variance:\n",
      " [[ 0.03837615 -0.00388107 -0.06419206  0.00474106]\n",
      " [-0.00388107  0.16322078  0.00714604 -0.21645293]\n",
      " [-0.06419206  0.00714604  0.19804795 -0.00448384]\n",
      " [ 0.00474106 -0.21645293 -0.00448384  0.41930537]]\n",
      "Predictive distribution ~ N(2.92086, 1.03788)\n",
      "Add data point (-0.08938799074407644, 0.8891465832072725):\n",
      "\n",
      "Postirior mean:\n",
      " [[0.98547331]\n",
      " [2.92596778]\n",
      " [2.75025193]\n",
      " [2.57244753]]\n",
      "Posterior variance:\n",
      " [[ 0.03697162 -0.00320983 -0.06186707  0.00386783]\n",
      " [-0.00320983  0.16289999  0.00603491 -0.2160356 ]\n",
      " [-0.06186707  0.00603491  0.19419932 -0.00303835]\n",
      " [ 0.00386783 -0.2160356  -0.00303835  0.41876246]]\n",
      "Predictive distribution ~ N(0.74406, 1.03783)\n",
      "Add data point (0.8001887057014754, 7.610797466991104):\n",
      "\n",
      "Postirior mean:\n",
      " [[0.98186249]\n",
      " [2.94868856]\n",
      " [2.82378433]\n",
      " [2.62121968]]\n",
      "Posterior variance:\n",
      " [[ 0.03696194 -0.00314895 -0.06167004  0.00399851]\n",
      " [-0.00314895  0.16251691  0.00479512 -0.21685792]\n",
      " [-0.06167004  0.00479512  0.19018692 -0.00569967]\n",
      " [ 0.00399851 -0.21685792 -0.00569967  0.41699728]]\n",
      "Predictive distribution ~ N(6.49246, 1.07190)\n",
      "Add data point (-0.14213281932342436, -1.2477510592721968):\n",
      "\n",
      "Postirior mean:\n",
      " [[0.91711153]\n",
      " [2.99441161]\n",
      " [2.92854937]\n",
      " [2.56120346]]\n",
      "Posterior variance:\n",
      " [[ 0.03570342 -0.00226026 -0.05963379  0.00283201]\n",
      " [-0.00226026  0.16188937  0.00335725 -0.21603422]\n",
      " [-0.05963379  0.00335725  0.18689232 -0.00381231]\n",
      " [ 0.00283201 -0.21603422 -0.00381231  0.41591607]]\n",
      "Predictive distribution ~ N(0.54332, 1.03708)\n",
      "Add data point (0.37464958193434805, 2.7266254777064582):\n",
      "\n",
      "Postirior mean:\n",
      " [[0.92075695]\n",
      " [3.00091298]\n",
      " [2.92412264]\n",
      " [2.55343385]]\n",
      "Posterior variance:\n",
      " [[ 0.03501924 -0.00348046 -0.05880297  0.00429024]\n",
      " [-0.00348046  0.15971322  0.00483896 -0.21343356]\n",
      " [-0.05880297  0.00483896  0.18588344 -0.00558307]\n",
      " [ 0.00429024 -0.21343356 -0.00558307  0.41280811]]\n",
      "Predictive distribution ~ N(2.58976, 1.03559)\n",
      "Add data point (-0.7964664506491188, -1.1420758520150338):\n",
      "\n",
      "Postirior mean:\n",
      " [[0.92112956]\n",
      " [3.00530413]\n",
      " [2.91122924]\n",
      " [2.5618314 ]]\n",
      "Posterior variance:\n",
      " [[ 0.0350166  -0.00351149 -0.05871186  0.0042309 ]\n",
      " [-0.00351149  0.15934756  0.00591265 -0.21413286]\n",
      " [-0.05871186  0.00591265  0.18273086 -0.00352978]\n",
      " [ 0.0042309  -0.21413286 -0.00352978  0.41147079]]\n",
      "Predictive distribution ~ N(-0.92008, 1.06545)\n",
      "Add data point (-0.6670146707203031, -0.7198122718251352):\n",
      "\n",
      "Postirior mean:\n",
      " [[0.91948647]\n",
      " [3.01248463]\n",
      " [2.90798806]\n",
      " [2.55798255]]\n",
      "Posterior variance:\n",
      " [[ 0.03492088 -0.00309317 -0.05890068  0.00400667]\n",
      " [-0.00309317  0.15751946  0.00673783 -0.21315297]\n",
      " [-0.05890068  0.00673783  0.18235839 -0.00397209]\n",
      " [ 0.00400667 -0.21315297 -0.00397209  0.41094556]]\n",
      "Predictive distribution ~ N(-0.55520, 1.03929)\n",
      "Add data point (-0.11530195122756015, 1.273571377553974):\n",
      "\n",
      "Postirior mean:\n",
      " [[0.94167867]\n",
      " [2.99907526]\n",
      " [2.87115126]\n",
      " [2.57593593]]\n",
      "Posterior variance:\n",
      " [[ 0.03377286 -0.0023995  -0.05699509  0.00307793]\n",
      " [-0.0023995   0.15710031  0.0055864  -0.21259179]\n",
      " [-0.05699509  0.0055864   0.1791953  -0.00243048]\n",
      " [ 0.00307793 -0.21259179 -0.00243048  0.41019421]]\n",
      "Predictive distribution ~ N(0.63010, 1.03483)\n",
      "Add data point (-0.36951104479643515, 0.24351134693973994):\n",
      "\n",
      "Postirior mean:\n",
      " [[0.94549133]\n",
      " [2.99208958]\n",
      " [2.86623321]\n",
      " [2.58458303]]\n",
      "Posterior variance:\n",
      " [[ 0.0330843  -0.00113789 -0.0561069   0.00151627]\n",
      " [-0.00113789  0.15478875  0.00395901 -0.20973047]\n",
      " [-0.0561069   0.00395901  0.1780496  -0.00041605]\n",
